--------------------------------------------------------------------------------
Command:            ./raytracer_v2_O0 ms_print results/v2/medium/massif_O0.out
Massif arguments:   --pages-as-heap=no --massif-out-file=results/v2/medium/massif_O0.out
ms_print arguments: results/v2/medium/massif_O0.out
--------------------------------------------------------------------------------


    MB
21.40^                                                                    :   
     |#::::::@::::::::::::::::::::::::::::::::::@:::::::@:::::::@:::::::@:::: 
     |# :::::@:::::::::::::::: ::::: ::::: ::: :@::: :::@:::::::@:::::::@:::: 
     |# :::::@:::::::::::::::: ::::: ::::: ::: :@::: :::@:::::::@:::::::@:::: 
     |# :::::@:::::::::::::::: ::::: ::::: ::: :@::: :::@:::::::@:::::::@:::: 
     |# :::::@:::::::::::::::: ::::: ::::: ::: :@::: :::@:::::::@:::::::@:::: 
     |# :::::@:::::::::::::::: ::::: ::::: ::: :@::: :::@:::::::@:::::::@:::: 
     |# :::::@:::::::::::::::: ::::: ::::: ::: :@::: :::@:::::::@:::::::@:::: 
     |# :::::@:::::::::::::::: ::::: ::::: ::: :@::: :::@:::::::@:::::::@:::: 
     |# :::::@:::::::::::::::: ::::: ::::: ::: :@::: :::@:::::::@:::::::@:::: 
     |# :::::@:::::::::::::::: ::::: ::::: ::: :@::: :::@:::::::@:::::::@:::: 
     |# :::::@:::::::::::::::: ::::: ::::: ::: :@::: :::@:::::::@:::::::@:::: 
     |# :::::@:::::::::::::::: ::::: ::::: ::: :@::: :::@:::::::@:::::::@:::: 
     |# :::::@:::::::::::::::: ::::: ::::: ::: :@::: :::@:::::::@:::::::@:::: 
     |# :::::@:::::::::::::::: ::::: ::::: ::: :@::: :::@:::::::@:::::::@:::: 
     |# :::::@:::::::::::::::: ::::: ::::: ::: :@::: :::@:::::::@:::::::@:::: 
     |# :::::@:::::::::::::::: ::::: ::::: ::: :@::: :::@:::::::@:::::::@:::: 
     |# :::::@:::::::::::::::: ::::: ::::: ::: :@::: :::@:::::::@:::::::@:::: 
     |# :::::@:::::::::::::::: ::::: ::::: ::: :@::: :::@:::::::@:::::::@:::: 
     |# :::::@:::::::::::::::: ::::: ::::: ::: :@::: :::@:::::::@:::::::@:::: 
   0 +----------------------------------------------------------------------->Gi
     0                                                                   195.9

Number of snapshots: 78
 Detailed snapshots: [1 (peak), 9, 41, 50, 60, 70]

--------------------------------------------------------------------------------
  n        time(i)         total(B)   useful-heap(B) extra-heap(B)    stacks(B)
--------------------------------------------------------------------------------
  0              0                0                0             0            0
  1    368,307,461       22,223,136       22,218,352         4,784            0
99.98% (22,218,352B) (heap allocation functions) malloc/new/new[], --alloc-fns, etc.
->99.53% (22,118,400B) 0x10F931: RendererV2::render(Scene const&, Camera const&, _IO_FILE*) (in /home/erkmen/Desktop/Akademia/System_Programming/ProjectRayTraycing/raytracer_v2_O0)
| ->99.53% (22,118,400B) 0x10B34A: main (in /home/erkmen/Desktop/Akademia/System_Programming/ProjectRayTraycing/raytracer_v2_O0)
|   
->00.45% (99,952B) in 1+ places, all below ms_print's threshold (01.00%)

--------------------------------------------------------------------------------
  n        time(i)         total(B)   useful-heap(B) extra-heap(B)    stacks(B)
--------------------------------------------------------------------------------
  2  2,514,729,892       22,222,744       22,218,016         4,728            0
  3  6,159,028,833       22,222,128       22,217,488         4,640            0
  4  9,248,706,848       22,235,064       22,229,936         5,128            0
  5 11,650,732,765       22,234,672       22,229,600         5,072            0
  6 14,470,835,754       22,234,224       22,229,216         5,008            0
  7 17,282,462,410       22,236,464       22,231,408         5,056            0
  8 20,376,576,670       22,235,960       22,230,976         4,984            0
  9 22,928,318,335       22,235,568       22,230,640         4,928            0
99.98% (22,230,640B) (heap allocation functions) malloc/new/new[], --alloc-fns, etc.
->99.47% (22,118,400B) 0x10F931: RendererV2::render(Scene const&, Camera const&, _IO_FILE*) (in /home/erkmen/Desktop/Akademia/System_Programming/ProjectRayTraycing/raytracer_v2_O0)
| ->99.47% (22,118,400B) 0x10B34A: main (in /home/erkmen/Desktop/Akademia/System_Programming/ProjectRayTraycing/raytracer_v2_O0)
|   
->00.50% (112,240B) in 1+ places, all below ms_print's threshold (01.00%)

--------------------------------------------------------------------------------
  n        time(i)         total(B)   useful-heap(B) extra-heap(B)    stacks(B)
--------------------------------------------------------------------------------
 10 26,042,587,837       22,235,064       22,230,208         4,856            0
 11 28,260,488,408       22,239,776       22,234,752         5,024            0
 12 31,357,989,407       22,239,272       22,234,320         4,952            0
 13 33,483,261,138       22,249,360       22,244,016         5,344            0
 14 37,380,786,408       22,305,688       22,298,048         7,640            0
 15 40,012,643,705       22,305,352       22,297,760         7,592            0
 16 42,527,336,908       22,305,072       22,297,520         7,552            0
 17 46,578,154,763       22,304,568       22,297,088         7,480            0
 18 49,023,209,750       22,304,232       22,296,800         7,432            0
 19 51,694,701,545       22,303,896       22,296,512         7,384            0
 20 55,311,934,830       22,303,448       22,296,128         7,320            0
 21 58,103,499,531       22,303,112       22,295,840         7,272            0
 22 60,682,065,386       22,302,776       22,295,552         7,224            0
 23 64,199,281,366       22,302,328       22,295,168         7,160            0
 24 66,514,256,022       22,302,048       22,294,928         7,120            0
 25 69,961,098,913       22,301,600       22,294,544         7,056            0
 26 73,276,320,383       22,301,152       22,294,160         6,992            0
 27 77,364,296,617       22,300,592       22,293,680         6,912            0
 28 80,229,321,300       22,300,256       22,293,392         6,864            0
 29 83,900,970,195       22,314,400       22,306,992         7,408            0
 30 86,906,567,127       22,313,952       22,306,608         7,344            0
 31 91,362,335,934       22,313,392       22,306,128         7,264            0
 32 93,887,326,965       22,313,056       22,305,840         7,216            0
 33 96,616,805,472       22,312,720       22,305,552         7,168            0
 34 99,254,673,508       22,312,384       22,305,264         7,120            0
 35 101,730,777,517       22,312,048       22,304,976         7,072            0
 36 105,127,483,451       22,311,544       22,304,544         7,000            0
 37 109,893,930,261       22,310,928       22,304,016         6,912            0
 38 113,482,133,415       22,310,424       22,303,584         6,840            0
 39 115,849,828,504       22,312,776       22,305,872         6,904            0
 40 120,399,624,260       22,312,104       22,305,296         6,808            0
 41 124,107,218,207       22,311,600       22,304,864         6,736            0
99.97% (22,304,864B) (heap allocation functions) malloc/new/new[], --alloc-fns, etc.
->99.13% (22,118,400B) 0x10F931: RendererV2::render(Scene const&, Camera const&, _IO_FILE*) (in /home/erkmen/Desktop/Akademia/System_Programming/ProjectRayTraycing/raytracer_v2_O0)
| ->99.13% (22,118,400B) 0x10B34A: main (in /home/erkmen/Desktop/Akademia/System_Programming/ProjectRayTraycing/raytracer_v2_O0)
|   
->00.84% (186,464B) in 1+ places, all below ms_print's threshold (01.00%)

--------------------------------------------------------------------------------
  n        time(i)         total(B)   useful-heap(B) extra-heap(B)    stacks(B)
--------------------------------------------------------------------------------
 42 126,652,250,773       22,311,264       22,304,576         6,688            0
 43 129,292,543,302       22,310,928       22,304,288         6,640            0
 44 131,702,424,162       22,326,224       22,318,992         7,232            0
 45 134,121,066,731       22,325,776       22,318,608         7,168            0
 46 137,555,797,293       22,327,464       22,320,288         7,176            0
 47 140,868,274,851       22,326,848       22,319,760         7,088            0
 48 144,013,030,056       22,328,920       22,321,808         7,112            0
 49 146,139,846,151       22,343,064       22,335,408         7,656            0
 50 148,469,240,117       22,342,560       22,334,976         7,584            0
99.97% (22,334,976B) (heap allocation functions) malloc/new/new[], --alloc-fns, etc.
->99.00% (22,118,400B) 0x10F931: RendererV2::render(Scene const&, Camera const&, _IO_FILE*) (in /home/erkmen/Desktop/Akademia/System_Programming/ProjectRayTraycing/raytracer_v2_O0)
| ->99.00% (22,118,400B) 0x10B34A: main (in /home/erkmen/Desktop/Akademia/System_Programming/ProjectRayTraycing/raytracer_v2_O0)
|   
->00.97% (216,576B) in 1+ places, all below ms_print's threshold (01.00%)

--------------------------------------------------------------------------------
  n        time(i)         total(B)   useful-heap(B) extra-heap(B)    stacks(B)
--------------------------------------------------------------------------------
 51 150,808,762,153       22,342,056       22,334,544         7,512            0
 52 153,184,542,143       22,341,552       22,334,112         7,440            0
 53 155,478,783,239       22,358,328       22,350,240         8,088            0
 54 157,699,346,835       22,357,824       22,349,808         8,016            0
 55 159,927,240,142       22,357,320       22,349,376         7,944            0
 56 162,154,854,035       22,359,120       22,351,152         7,968            0
 57 164,393,522,385       22,358,616       22,350,720         7,896            0
 58 166,706,139,639       22,377,256       22,368,640         8,616            0
 59 168,900,290,068       22,377,080       22,368,528         8,552            0
 60 171,146,791,587       22,412,832       22,402,864         9,968            0
99.96% (22,402,864B) (heap allocation functions) malloc/new/new[], --alloc-fns, etc.
->98.69% (22,118,400B) 0x10F931: RendererV2::render(Scene const&, Camera const&, _IO_FILE*) (in /home/erkmen/Desktop/Akademia/System_Programming/ProjectRayTraycing/raytracer_v2_O0)
| ->98.69% (22,118,400B) 0x10B34A: main (in /home/erkmen/Desktop/Akademia/System_Programming/ProjectRayTraycing/raytracer_v2_O0)
|   
->01.27% (284,464B) in 7 places, all below massif's threshold (1.00%)
  
--------------------------------------------------------------------------------
  n        time(i)         total(B)   useful-heap(B) extra-heap(B)    stacks(B)
--------------------------------------------------------------------------------
 61 173,499,019,510       22,412,104       22,402,240         9,864            0
 62 175,684,899,654       22,411,432       22,401,664         9,768            0
 63 177,853,599,376       22,410,760       22,401,088         9,672            0
 64 180,015,853,759       22,410,032       22,400,464         9,568            0
 65 182,220,606,344       22,409,248       22,399,792         9,456            0
 66 184,507,872,518       22,408,520       22,399,168         9,352            0
 67 186,836,804,794       22,407,792       22,398,544         9,248            0
 68 188,971,316,844       22,415,896       22,406,384         9,512            0
 69 191,226,463,918       22,415,000       22,405,616         9,384            0
 70 193,480,683,822       22,433,032       22,422,976        10,056            0
99.96% (22,422,976B) (heap allocation functions) malloc/new/new[], --alloc-fns, etc.
->98.60% (22,118,400B) 0x10F931: RendererV2::render(Scene const&, Camera const&, _IO_FILE*) (in /home/erkmen/Desktop/Akademia/System_Programming/ProjectRayTraycing/raytracer_v2_O0)
| ->98.60% (22,118,400B) 0x10B34A: main (in /home/erkmen/Desktop/Akademia/System_Programming/ProjectRayTraycing/raytracer_v2_O0)
|   
->01.36% (304,576B) in 7 places, all below massif's threshold (1.00%)
  
--------------------------------------------------------------------------------
  n        time(i)         total(B)   useful-heap(B) extra-heap(B)    stacks(B)
--------------------------------------------------------------------------------
 71 195,717,853,833       22,434,496       22,424,464        10,032            0
 72 197,967,804,529       22,433,600       22,423,696         9,904            0
 73 200,233,821,327       22,438,080       22,428,080        10,000            0
 74 202,362,044,629       22,437,624       22,427,728         9,896            0
 75 204,595,754,766       22,436,784       22,427,008         9,776            0
 76 206,833,957,349       22,215,280       22,210,880         4,400            0
 77 210,307,483,673           79,712           79,640            72            0
